999
ELIGO DXF GENERATOR
0
SECTION
2
HEADER
9
$ACADVER
1
AC1009
9
$INSBASE
10
0.0
20
0.0
30
0.0
9
$EXTMIN
10
0.0
20
0.0
9
$EXTMAX
10
20
20
20
0
ENDSEC
0
SECTION
2
BLOCKS
0
ENDSEC
0
SECTION
2
ENTITIES
0
POLYLINE
8
1
66
1
0
VERTEX
8
1
10
20
20
10
30
0.0
0
VERTEX
8
1
10
19.807852804032304
20
8.049096779838717
30
0.0
0
VERTEX
8
1
10
19.238795325112868
20
6.173165676349102
30
0.0
0
VERTEX
8
1
10
18.314696123025453
20
4.444297669803978
30
0.0
0
VERTEX
8
1
10
17.071067811865476
20
2.9289321881345245
30
0.0
0
VERTEX
8
1
10
15.555702330196024
20
1.6853038769745474
30
0.0
0
VERTEX
8
1
10
13.826834323650898
20
0.7612046748871322
30
0.0
0
VERTEX
8
1
10
11.950903220161283
20
0.1921471959676957
30
0.0
0
VERTEX
8
1
10
10
20
0
30
0.0
0
VERTEX
8
1
10
8.049096779838719
20
0.1921471959676957
30
0.0
0
VERTEX
8
1
10
6.173165676349103
20
0.7612046748871322
30
0.0
0
VERTEX
8
1
10
4.44429766980398
20
1.6853038769745439
30
0.0
0
VERTEX
8
1
10
2.9289321881345254
20
2.9289321881345245
30
0.0
0
VERTEX
8
1
10
1.6853038769745474
20
4.444297669803978
30
0.0
0
VERTEX
8
1
10
0.7612046748871322
20
6.1731656763491
30
0.0
0
VERTEX
8
1
10
0.1921471959676957
20
8.049096779838713
30
0.0
0
VERTEX
8
1
10
0
20
9.999999999999998
30
0.0
0
VERTEX
8
1
10
0.1921471959676957
20
11.950903220161283
30
0.0
0
VERTEX
8
1
10
0.7612046748871322
20
13.826834323650896
30
0.0
0
VERTEX
8
1
10
1.6853038769745456
20
15.55570233019602
30
0.0
0
VERTEX
8
1
10
2.9289321881345227
20
17.071067811865476
30
0.0
0
VERTEX
8
1
10
4.444297669803978
20
18.314696123025453
30
0.0
0
VERTEX
8
1
10
6.173165676349097
20
19.238795325112864
30
0.0
0
VERTEX
8
1
10
8.049096779838713
20
19.8078528040323
30
0.0
0
VERTEX
8
1
10
9.999999999999998
20
20
30
0.0
0
VERTEX
8
1
10
11.950903220161283
20
19.807852804032304
30
0.0
0
VERTEX
8
1
10
13.8268343236509
20
19.238795325112868
30
0.0
0
VERTEX
8
1
10
15.555702330196018
20
18.314696123025456
30
0.0
0
VERTEX
8
1
10
17.071067811865476
20
17.071067811865476
30
0.0
0
VERTEX
8
1
10
18.314696123025453
20
15.555702330196022
30
0.0
0
VERTEX
8
1
10
19.238795325112864
20
13.826834323650903
30
0.0
0
VERTEX
8
1
10
19.8078528040323
20
11.950903220161287
30
0.0
0
VERTEX
8
1
10
20
20
10.000000000000002
30
0.0
0
SEQEND
8
1
0
ENDSEC
0
EOF